%% 颜色序列
%使用格式：plot(sub,x1,y1,'color',Qc(k,:),'linewidth',2);
%可在代码中右键打开此m文件
white=[1,1,1];
black=[0,0,0];
red=[255,99,71]/255;%tomata 红 %[245,85,45]/255;%红 [240,128,128]/255;coral珊瑚色
yellow=[237/255,177/255,32/255];
ygreen=[173/255 255/255 47/255];
paleyellow=[255 252 227]/255;
green=[179/255,222/255,105/255];
palegreen=[230 245 201]/255;
blue=[136,174,255]/255;
purple=[191/255,159/255,225/255];
Magenta=[255/255,0/255,255/255];
Gray=[0.5 0.5 0.5];%深灰色
L_gray=[0.8,0.8,0.8];%浅灰色
pink=[255 172 207]/255;
D_blue= [112,145,245]/255;%[112,145,245]/255;
L_blue= [201,238,255]/255;% [135,206,250]/255;%%%%%;%;%% %
blue_green = [49,183,146]/255;
orange=[252,153,24]/255;
%% example
% figure
% x=-1:0.1:1;
% for i=1:9
% plot(x,sin(x)+i,'color',Qc(i,:),'linewidth',2);
% end